0 0.11808118081180811 0.13653136531365315 0.11070110701107011 0.1660516605166052
0 0.21494464944649444 0.09317343173431736 0.10516605166051661 0.11992619926199262
0 0.20189451894518956 0.19217442174421862 0.22575963934511128 0.21743244721292193
0 0.4225092250922509 0.14852398523985244 0.11070110701107014 0.13099630996309966
0 0.3422509225092253 0.2038745387453874 0.14944649446494482 0.13099630996309966
0 0.1964944649446489 0.2822878228782302 0.1730986498585561 0.16151593604754366
0 0.6383763837638378 0.09870848708487084 0.055350553505535055 0.11992619926199262
0 0.5876383763837637 0.5682656826568264 0.11992619926199262 0.06642066420664208
0 0.6485239852398524 0.5811808118081182 0.07195571955719557 0.055350553505535055
2 0.15774907749077494 0.6116236162361623 0.17527675276752772 0.13837638376383768
2 0.2702952029520295 0.7029520295202951 0.15682656826568267 0.13284132841328414
