0 0.3803016022620169 0.2493718592964824 0.22525918944392084 0.2198492462311558
0 0.18520263901979267 0.24246231155778897 0.23468426013195098 0.18844221105527645
0 0.1583411875589067 0.40075376884422115 0.25070688030160226 0.2135678391959799
0 0.36710650329877476 0.39447236180904527 0.22337417530631481 0.21608040201005024
0 0.3586239396795476 0.7399497487437187 0.3006597549481621 0.23618090452261306
0 0.13572101790763427 0.5923366834170855 0.27144203581526855 0.22487437185929646
0 0.354382657869934 0.5546482412060301 0.27332704995287466 0.17964824120603015
0 0.1394910461828463 0.773241206030151 0.2789820923656926 0.23994974874371894
0 0.7492931196983976 0.23052763819095476 0.24316682375117807 0.1922110552763819
0 0.5810556079170593 0.25 0.20075400565504242 0.23115577889447236
0 0.7794533459000942 0.38128140703517593 0.2544769085768143 0.18969849246231157
0 0.5791705937794533 0.3925879396984926 0.2403393025447691 0.16708542713567845
0 0.8213949104618286 0.5301507537688442 0.2836946277097078 0.2010050251256282
0 0.6328934967012253 0.5772613065326633 0.2535344015080113 0.23241206030150752
0 0.8704052780395842 0.7041457286432177 0.2591894439208284 0.32286432160804146
0 0.6597549481621107 0.7474874371859292 0.32610744580584317 0.24371859296482432
