2 0.2964959568733153 0.15089285714285716 0.10242587601078167 0.15535714285714286
2 0.35175202156334234 0.24464285714285716 0.11590296495956874 0.1392857142857143
2 0.137466307277628 0.3053571428571428 0.14824797843665768 0.16785714285714284
2 0.24326145552560646 0.3339285714285714 0.09299191374663072 0.16785714285714284
2 0.31469002695417786 0.3535714285714283 0.09299191374663067 0.12857142857142853
2 0.48989218328840983 0.5196428571428572 0.04716981132075472 0.10714285714285714
2 0.54177897574124 0.5125 0.056603773584905655 0.10357142857142858
2 0.5323450134770891 0.5937499999999998 0.05660377358490565 0.09821428571428559
2 0.5963611859838275 0.3053571428571428 0.03369272237196765 0.04285714285714286
2 0.589622641509434 0.3446428571428571 0.03099730458221024 0.05
2 0.7870619946091645 0.3053571428571429 0.03504043126684636 0.04642857142857143
2 0.814690026954178 0.29999999999999993 0.03638814016172507 0.05357142857142857
2 0.8409703504043128 0.31696428571428575 0.03504043126684636 0.044642857142857144
2 0.8039083557951484 0.34017857142857144 0.028301886792452827 0.055357142857142855
2 0.6570080862533692 0.7607142857142858 0.06064690026954178 0.08571428571428572
2 0.7035040431266846 0.7598214285714286 0.045822102425876025 0.07321428571428572
2 0.6657681940700809 0.80625 0.045822102425876025 0.08035714285714286
2 0.711590296495957 0.8080357142857143 0.05121293800539083 0.0875
2 0.761455525606469 0.8857142857142857 0.04851752021563342 0.07857142857142857
2 0.7095687331536391 0.8544642857142857 0.03908355795148248 0.07321428571428572
2 0.6900269541778975 0.9 0.043126684636118615 0.06785714285714285
2 0.6637466307277627 0.8839285714285715 0.04447439353099729 0.060714285714285714
