1 0.8023560209424083 0.8178571428571427 0.12827225130890052 0.3
1 0.6714659685863874 0.825 0.15706806282722513 0.34285714285714286
1 0.5804973821989529 0.6241071428571429 0.21335078534031415 0.3125
1 0.7683246073298429 0.43392857142857144 0.14659685863874342 0.2785714285714286
1 0.8789267015706809 0.5214285714285714 0.13481675392670156 0.23214285714285715
1 0.9123036649214662 0.2216071401323591 0.17539267015706805 0.3932142802647182
1 0.6839005235602095 0.17589285714285716 0.28664921465968585 0.3517857142857143
1 0.4476439790575917 0.14821428571428574 0.23298429319371727 0.20714285714285716
1 0.5 0.3928571428571429 0.22774869109947646 0.23214285714285715
1 0.3036649214659686 0.35982142857142846 0.1649214659685864 0.2125
1 0.12434554973821989 0.7617857115609304 0.24869109947643978 0.44499999455043254
