0 0.36218250235183463 0.06532663316582915 0.295390404515522 0.1306532663316583
0 0.5747883349012226 0.18592964824120592 0.22013170272812763 0.37185929648241184
0 0.7008466603951072 0.18592964824120595 0.1693320790216358 0.3718592964824119
0 0.41674506114769505 0.2795226130653268 0.27093132643461965 0.33291457286432163
0 0.24647224835371584 0.385678391959799 0.25587958607714006 0.42211055276381926
0 0.16698024459078073 0.6394472361809043 0.1872060206961429 0.38190954773869323
0 0.2342427093132644 0.8373115577889447 0.15804327375352775 0.22989949748743718
0 0.34619002822201267 0.787060301507538 0.1900282220131701 0.25000000000000056
0 0.5150517403574786 0.8680904522613058 0.18344308560677272 0.2638190954773851
0 0.694731890874882 0.8272613065326615 0.21166509877704573 0.2374371859296482
0 0.844308560677328 0.3442211055276382 0.31138287864534325 0.2738693467336686
0 0.394167450611477 0.5584170854271358 0.34054562558795837 0.4233668341708546
0 0.566321730950141 0.7148241206030151 0.25023518344308543 0.3994974874371859
0 0.5950141110065847 0.4440954773869346 0.1702728127939789 0.2550251256281408
0 0.7704609595484478 0.6005025125628134 0.3217309501411105 0.5452261306532662
0 0.9285042333019747 0.6118090452261309 0.14299153339604845 0.24874371859296496
