1 0.49195710455764075 0.030357142857142857 0.14209115281501344 0.060714285714285714
1 0.5750670241286864 0.09107142857142858 0.14209115281501344 0.06785714285714285
1 0.6193029490616623 0.14642857142857144 0.09651474530831097 0.05
1 0.7131367292225201 0.17857142857142858 0.13404825737265416 0.14642857142857144
1 0.5857908847184986 0.29017857142857134 0.14745308310991956 0.09107142857142855
1 0.39678284182305634 0.3535714285714286 0.13941018766756033 0.06785714285714285
1 0.4973190348525469 0.32946428571428577 0.1260053619302949 0.08035714285714286
1 0.4182305630026811 0.4223214285714286 0.09651474530831097 0.055357142857142855
1 0.2211796246648793 0.4973214285714285 0.14745308310991956 0.04821428571428572
1 0.3552278820375335 0.46517857142857144 0.1260053619302949 0.0875
1 0.707774798927614 0.43482142857142864 0.16621983914209115 0.09821428571428571
1 0.6608579088471849 0.5098214285714285 0.14209115281501344 0.08392857142857142
1 0.7104557640750672 0.5571428571428572 0.10187667560321716 0.06428571428571427
1 0.6796246648793566 0.6294642857142858 0.14745308310991956 0.09107142857142855
1 0.6675603217158175 0.7455357142857143 0.15013404825737264 0.14107142857142857
