1 0.9109772423025436 0.24749999727521627 0.178045515394913 0.48785713740757536
1 0.8775100401606423 0.86875 0.1646586345381526 0.21607142857142858
1 0.7938420348058903 0.5553571428571429 0.2516733601070948 0.33214285714285713
1 0.7088353413654619 0.7357142857142857 0.19410977242302543 0.19642857142857142
1 0.5140562248995981 0.5517857142857143 0.21954484605086985 0.41785714285714287
1 0.43172690763052207 0.3473214285714286 0.15127175368139223 0.14107142857142857
1 0.6298527443105755 0.2785714285714284 0.22088353413654627 0.22142857142857128
1 0.321954484605087 0.5544642857142857 0.13520749665327977 0.20178571428571432
1 0.11579651941097727 0.6044642857142857 0.21017402945113794 0.24464285714285708
1 0.1914323962516734 0.31696428571428575 0.28647925033467203 0.38392857142857145
