1 0.32410714285714276 0.19464285714285712 0.14107142857142857 0.2535714285714285
1 0.5214285714285714 0.21785714285714286 0.1357142857142857 0.3
1 0.5955357142857142 0.1839285714285714 0.1125 0.23214285714285715
1 0.6678571428571428 0.22142857142857142 0.1821428571428571 0.22142857142857142
1 0.7330357142857143 0.3401785714285714 0.2375 0.16964285714285715
1 0.780357142857143 0.4875 0.32142857142857145 0.11428571428571428
1 0.7741071428571434 0.5999999999999975 0.3279237046364117 0.218077976375993
1 0.7767857142857142 0.6946428571428557 0.3385641571678471 0.26160458205820253
1 0.675892857142857 0.7607142857142852 0.18750000000000008 0.24285714285714277
1 0.5223214285714286 0.7419642857142857 0.1767857142857143 0.21964285714285714
1 0.18035714285714285 0.40267857142857144 0.2785714285714286 0.12678571428571425
1 0.3375 0.3482142857142857 0.225 0.1928571428571429
1 0.21875 0.504464285714285 0.43392857142857144 0.1089285714285712
1 0.3446428571428571 0.69375 0.2535714285714285 0.34464285714285714
1 0.5732142857142856 0.47232142857142834 0.2392857142857148 0.23035714285714246
