2 0.7857706874316199 0.17831439840250446 0.1411393118097561 0.11215534599168127
2 0.7649778423882178 0.25329465780143745 0.14744017394412023 0.11341551841855421
0 0.10396422521700792 0.5872403509227357 0.17012327762783117 0.12349689783353662
0 0.1890258640309235 0.64268793770514 0.17642413976219534 0.12097655297979104
1 0.5500147637602627 0.5364935063873773 0.10172083097495016 0.07682412409296929
1 0.5702877965070186 0.637147335638814 0.1052775033866618 0.11310218269242708
1 0.6193698757886378 0.7790585648661045 0.06971077926954625 0.052638751693331
1 0.6207925447533225 0.701523106290793 0.0725561171989155 0.07966946202233854
1 0.673075629205482 0.5357821719050351 0.07326745168125787 0.0725561171989155
1 0.5247623896371106 0.7161054631788106 0.051216082728646264 0.04765941031693464
1 0.7082866860814263 0.7189508011081794 0.04125739997585385 0.06330876892846557
