1 0.4510050251256281 0.43655778894472363 0.2185929648241206 0.24246231155778894
1 0.4792713567839196 0.20540201005025124 0.11180904522613065 0.3027638190954774
1 0.6011306532663325 0.2311557788944726 0.16112935385650906 0.3545005977446665
1 0.7236180904522689 0.2236180904522592 0.23027472890101477 0.36193580892976557
1 0.3379396984924623 0.26633165829145733 0.16834170854271358 0.2412060301507538
1 0.5043969849246231 0.8285175879396985 0.13693467336683418 0.3354271356783919
1 0.41520100502512586 0.8109296482412062 0.1595477386934675 0.25502512562814095
1 0.7317839195979898 0.6802763819095478 0.2701005025125628 0.1846733668341708
1 0.6959798994974875 0.5087939698492463 0.3341708542713569 0.1633165829145729
1 0.7682160804020102 0.3285175879396985 0.26256281407035176 0.20979899497487436
1 0.2434752272300095 0.35860982754279563 0.3023327659506619 0.325532761832558
1 0.21709331768227091 0.4101173652312379 0.336875764443369 0.27078332240706116
1 0.39384422110552775 0.5697236180904522 0.021356783919597985 0.008793969849246231
1 0.20704306642598952 0.4993133451307354 0.336875764443369 0.2707833224070611
1 0.24685929648241206 0.6802763819095478 0.4183417085427136 0.114321608040201
1 0.2688442211055271 0.7430904522613075 0.267875325263602 0.2596029829864992
1 0.4930904522613065 0.6005025125628142 0.3128140703517588 0.228643216080402
