1 0.4116465863453815 0.4821428571428571 0.15127175368139223 0.2
1 0.539491298527443 0.3598214285714286 0.12315930388219545 0.13035714285714287
1 0.6746987951807228 0.4330357142857143 0.08032128514056225 0.14464285714285718
1 0.7811244979919678 0.6633928571428569 0.12182061579651941 0.1767857142857143
1 0.7168674698795181 0.6732142857142857 0.10843373493975904 0.21785714285714286
1 0.6258366800535474 0.6857142857142854 0.1352074966532799 0.24999999999999992
1 0.5240963855421686 0.6321428571428571 0.1566265060240964 0.21428571428571427
1 0.427710843373494 0.5839285714285714 0.13253012048192775 0.16785714285714284
1 0.3380187416331995 0.5428571428571428 0.10307898259705489 0.16785714285714284
1 0.28848728246318606 0.3473214285714286 0.07630522088353416 0.10535714285714287
1 0.07095046854082998 0.3 0.0749665327978581 0.09642857142857145
1 0.1398929049531459 0.5160714285714285 0.06827309236947791 0.08928571428571429
1 0.3527443105756358 0.25535714285714284 0.31994645247657294 0.43214285714285716
1 0.11646586345381525 0.1125 0.21686746987951808 0.225
