1 0.45386064030131834 0.5489949748743719 0.36911487758945394 0.1809045226130654
1 0.8220338983050847 0.5263819095477388 0.3559322033898305 0.2010050251256282
1 0.38888888888888895 0.18655778894472363 0.22033898305084743 0.15201005025125627
1 0.5414312617702448 0.2694723618090452 0.24293785310734464 0.14698492462311558
1 0.7203389830508474 0.2807788944723618 0.14500941619585686 0.12688442211055276
1 0.40960451977401136 0.36369346733668345 0.3483992467043315 0.07663316582914573
1 0.7570621468926554 0.08793969849246232 0.19962335216572505 0.11306532663316583
1 0.19491525423728817 0.08228643216080402 0.3483992467043315 0.08417085427135679
1 0.22598870056497172 0.26444723618090454 0.391713747645951 0.20979899497487436
1 0.1600753295668549 0.49371859296482457 0.28625235404896415 0.20854271356783927
1 0.38794726930320145 0.7883165829145728 0.17325800376647835 0.12688442211055276
1 0.5951035781544256 0.8065326633165829 0.26365348399246696 0.15075376884422106
1 0.835216572504708 0.7324120603015076 0.2580037664783427 0.20603015075376885
1 0.21563088512241044 0.9045226130653264 0.374764595103578 0.15326633165829182
1 0.6723163841807909 0.9484924623115577 0.16195856873822975 0.09547738693467334
1 0.2015065913370998 0.6180904522613067 0.1958568738229755 0.23869346733668348
1 0.8888888888888886 0.339824120603015 0.22222222222222293 0.23743718592964808
