1 0.32633928571428555 0.3585714285714284 0.29374999999999996 0.511428571428571
1 0.5026785714285714 0.385 0.2 0.37571428571428567
1 0.40892857142857175 0.4507142857142856 0.17678571428571468 0.34142857142857147
1 0.7629464285714286 0.4814285714285714 0.461607142857143 0.4857142857142857
1 0.50625 0.7307142857142856 0.06428571428571427 0.24142857142857144
1 0.41026785714285713 0.8042857142857145 0.14017857142857143 0.3628571428571428
1 0.27901785714285715 0.8078571428571428 0.17767857142857144 0.3842857142857143
1 0.29375 0.4785714285714286 0.08392857142857142 0.23428571428571426
1 0.08556193170773779 0.39203537711709835 0.22916289069796483 0.3170584969756176
1 0.16339285714285715 0.35285714285714287 0.02142857142857143 0.005714285714285714
1 0.14808630893813268 0.4955492483762706 0.17368629744214534 0.20713164681582896
1 0.12633928571428568 0.7871428571428569 0.14553571428571424 0.4257142857142857
1 0.05848214285714286 0.765 0.11696428571428572 0.43857142857142845
