0 0.14 0.14952380952380953 0.12380952380952381 0.07809523809523809
0 0.11238095238095237 0.7123809523809522 0.16 0.1523809523809524
2 0.7964285714285714 0.18214285714285716 0.04285714285714286 0.04285714285714286
2 0.6955357142857141 0.16160714285714284 0.055357142857142855 0.0375
2 0.6464285714285714 0.25 0.04285714285714286 0.06428571428571427
2 0.5785714285714287 0.27678571428571425 0.05714285714285714 0.04642857142857143
2 0.549107142857143 0.22410714285714284 0.05178571428571429 0.041071428571428564
2 0.6625 0.07410714285714287 0.04642857142857143 0.055357142857142855
2 0.5303571428571427 0.17321428571428574 0.04642857142857143 0.035714285714285705
2 0.7571428571428571 0.15714285714285714 0.04642857142857143 0.05357142857142857
2 0.74375 0.19732142857142856 0.04821428571428572 0.033928571428571426
2 0.6964285714285715 0.0955357142857143 0.04642857142857143 0.0375
2 0.6035714285714286 0.07142857142857142 0.04285714285714286 0.035714285714285705
2 0.5919642857142856 0.040178571428571425 0.041071428571428564 0.033928571428571426
