2 0.15461847389558234 0.06875 0.08165997322623829 0.08035714285714286
2 0.19477911646586346 0.3642857142857143 0.07095046854083 0.09285714285714286
2 0.2965194109772424 0.31607142857142856 0.06291834002677377 0.06428571428571427
2 0.3527443105756358 0.3071428571428571 0.057563587684069606 0.07857142857142857
2 0.28848728246318606 0.3875 0.05488621151271753 0.060714285714285714
2 0.42034805890227583 0.43392857142857155 0.19277108433734927 0.23214285714285743
2 0.5468540829986612 0.5446428571428573 0.0977242302543507 0.11428571428571428
2 0.5923694779116464 0.6267857142857143 0.0870147255689424 0.13214285714285717
2 0.7054886211512718 0.5785714285714285 0.14190093708166 0.16071428571428573
2 0.2382864792503347 0.5339285714285713 0.0749665327978581 0.08928571428571429
2 0.2945113788487282 0.5651785714285714 0.07228915662650601 0.09464285714285711
2 0.388888888888889 0.5964285714285714 0.052208835341365466 0.07142857142857141
2 0.38420348058902276 0.6928571428571426 0.1258366800535476 0.18571428571428567
2 0.48192771084337316 0.6928571428571422 0.12583668005354734 0.18928571428571406
2 0.9511378848728248 0.544642857142857 0.0977242302543507 0.1535714285714288
2 0.962516733601071 0.7091071401323592 0.0749665327978581 0.15035713740757534
2 0.8621151271753683 0.6473214285714286 0.11244979919678715 0.17321428571428568
2 0.9029451137884874 0.8671428544180734 0.19410977242302516 0.2592857088361468
2 0.7911646586345381 0.8214285714285715 0.07764390896921017 0.15714285714285714
2 0.7228915662650602 0.9366071428571427 0.1178045515394913 0.12678571428571425
2 0.5829986613119142 0.9303571428571429 0.17001338688085676 0.1392857142857143
