1 0.5269120709267441 0.18767005183056854 0.34805686674748104 0.22313288244786467
1 0.24658530164156237 0.31113719077464447 0.3551238317506764 0.256443771089073
1 0.6088777219430486 0.28454773869346733 0.3500837520938023 0.1444723618090452
1 0.31141426530325245 0.4449171492514743 0.35921946283871053 0.30370906096736094
1 0.2833758104230035 0.38503390754029254 0.25702506550404763 0.4173812691614118
1 0.6901172529313233 0.4371859296482413 0.3785594639865997 0.09547738693467334
1 0.2705192629815745 0.19786432160804018 0.14237855946398661 0.14698492462311558
1 0.36097152428810714 0.17085427135678394 0.10217755443886097 0.1608040201005025
1 0.3358458961474035 0.7707286432160803 0.38358458961474035 0.3856783919597989
1 0.7026800670016752 0.7123115577889447 0.3634840871021773 0.2386934673366831
1 0.6524288107202679 0.5364321608040201 0.2931323283082077 0.1256281407035176
1 0.40619765494137355 0.5439698492462312 0.22278056951423786 0.17336683417085427
