1 0.5375 0.5020107238605899 0.20892857142857144 0.3310991957104557
1 0.629017857142857 0.7064343163538875 0.18125 0.2680965147453083
1 0.6522321428571428 0.329088471849866 0.1526785714285714 0.2158176943699732
1 0.7526785714285714 0.593833780160858 0.21428571428571427 0.26273458445040215
1 0.8361607142857141 0.6447721179624665 0.20446428571428568 0.2949061662198391
1 0.8857142857142857 0.3994638069705094 0.175 0.35120643431635384
1 0.4651785714285714 0.26943699731903487 0.1821428571428571 0.2520107238605898
1 0.3558035714285714 0.4718498659517427 0.11875 0.1849865951742628
1 0.2915178571428571 0.26474530831099197 0.16517857142857142 0.27211796246648795
1 0.14464285714285716 0.8378016085790887 0.15357142857142858 0.21715817694369974
1 0.039285714285714285 0.707774798927614 0.07857142857142857 0.26273458445040215
1 0.545982142857143 0.92828418230563 0.1598214285714286 0.14343163538873996
1 0.19419642857142858 0.49396782841823056 0.21696428571428572 0.4061662198391421
