0 0.1642066420664207 0.2158671586715867 0.26199261992619927 0.1254612546125461
0 0.2933579335793357 0.14391143911439117 0.29520295202952024 0.15867158671586712
0 0.5867158671586717 0.14667896678966788 0.17343173431734318 0.10516605166051661
0 0.7592250922509226 0.11070110701107012 0.21217712177121772 0.15498154981549817
0 0.7988929889298894 0.23154981549815495 0.15867158671586715 0.13468634686346864
0 0.6734317343173433 0.21494464944649447 0.1660516605166051 0.11623616236162365
0 0.6097785977859779 0.27767527675276754 0.1937269372693727 0.09778597785977858
0 0.7177121771217714 0.5848708487084869 0.1402214022140221 0.11070110701107011
0 0.78690036900369 0.6688191881918819 0.14944649446494465 0.08671586715867159
0 0.7813653136531366 0.7859778597785977 0.13099630996309963 0.08118081180811808
0 0.6586715867158669 0.7546125461254628 0.23996667290940535 0.210224324717816
0 0.6402214022140221 0.6503690036900367 0.16236162361623616 0.09778597785977858
0 0.5507380073800738 0.6632841328413284 0.09040590405904059 0.0940959409594096
1 0.04131430673444131 0.5998429079415665 0.06369288954893035 0.05852860120712519
1 0.29092157658835743 0.5520732407798689 0.04820002452351484 0.05250359814168584
1 0.25606263028117265 0.637283998419654 0.03873216256353872 0.05594645703622263
1 0.10457683892155455 0.6084500551779084 0.03184644477446517 0.037871447839904496
1 0.1372839984196539 0.628246493821495 0.03356787422173357 0.03270715949809927
1 0.13082863799239747 0.6777375904304611 0.05336431286532003 0.042175021458075494
1 0.04346609354352679 0.7823144293520157 0.05938931593075938 0.04475716562897806
1 0.10672862573064004 0.72981083121033 0.041314306734441295 0.03615001839263604
1 0.15751079442505747 0.725937614953976 0.06025003065439355 0.05594645703622263
1 0.11490541560516489 0.8163126609355663 0.05938931593075938 0.04561788035261218
1 0.1398661425905565 0.8507412498809339 0.06283217482529616 0.06283217482529618
1 0.18548402294316874 0.8003894385483338 0.0697178926143697 0.06713574844346709
1 0.2737072821156735 0.8460073189009459 0.05336431286532002 0.03959287728717294
1 0.2676822790502343 0.9006627038517172 0.05336431286532002 0.05422502758895418
1 0.17988937723954654 0.9320787912643653 0.07057860733800386 0.08262861346888255
1 0.20614117631038936 0.8567662529463733 0.057667886483490964 0.05766788648349107
1 0.3167430182973832 0.7229251134212562 0.06025003065439352 0.056807171759856855
1 0.32750195234281065 0.7801626425429301 0.05938931593075935 0.05938931593075951
1 0.38947341244447264 0.7995287238246995 0.05250359814168584 0.07918575457434578
1 0.15837150914869164 0.6428786441232762 0.0395928772871729 0.04131430673444138
1 0.08090718402161422 0.7603662038993437 0.07057860733800389 0.04733930979988072
1 0.2939340781210771 0.6243732775651412 0.06111074537802774 0.06627503371983297
