1 0.5672110552763818 0.46419597989949757 0.24497487437185927 0.2399497487437186
1 0.31721105527638194 0.20100502512562812 0.12437185929648241 0.27638190954773867
1 0.33856783919598 0.7330402010050246 0.19221105527638163 0.3278894472361808
1 0.1928391959798995 0.5081658291457286 0.3630653266331658 0.13693467336683418
1 0.14886934673366833 0.425251256281407 0.25 0.13190954773869346
1 0.2933417085427136 0.3636934673366834 0.157035175879397 0.24246231155778894
1 0.4962311557788945 0.2255025125628141 0.1256281407035176 0.3203517587939699
1 0.5697236180904521 0.23932160804020097 0.14698492462311558 0.3479899497487436
1 0.6601758793969849 0.2606783919597989 0.11934673366834174 0.36055276381909535
1 0.7173366834170856 0.35489949748743727 0.2663316582914573 0.13693467336683418
1 0.789572864321608 0.4773869346733668 0.3178391959798995 0.13316582914572864
1 0.7669597989949749 0.5917085427135678 0.3379396984924623 0.1306532663316583
1 0.8190954773869347 0.7185929648241206 0.3165829145728643 0.1658291457286432
1 0.6455537055396695 0.771357437892221 0.23899583320676285 0.3161667052536125
1 0.5018844221105528 0.7022613065326634 0.10678391959798995 0.31909547738693467
1 0.6997487437185909 0.7292713567839191 0.2366668808839114 0.2605379236110144
1 0.4353015075376885 0.43404522613065327 0.2022613065326633 0.4057788944723618
