0 0.24603174603174602 0.13176470588235292 0.15696649029982365 0.16
0 0.3395061728395062 0.1894117647058823 0.18871252204585537 0.21411764705882352
0 0.17460317460317448 0.3388235294117648 0.19047619047619044 0.31058823529411766
0 0.24162257495590814 0.6317647058823525 0.2469135802469135 0.43999999999999945
0 0.4250440917107585 0.7082352941176473 0.26102292768959434 0.3435294117647059
0 0.40388007054673686 0.4376470588235295 0.34567901234567894 0.40470588235294125
0 0.5123456790123457 0.12588235294117647 0.1851851851851852 0.25176470588235295
0 0.6851851851851852 0.14 0.21340388007054675 0.23764705882352943
0 0.5617283950617284 0.27294117647058813 0.22398589065255683 0.3858823529411763
0 0.7707231040564371 0.39647058823529396 0.30335097001763667 0.5435294117647057
0 0.8544973544973545 0.6564705882352943 0.2910052910052912 0.2964705882352942
0 0.7028218694885362 0.8047058823529412 0.13932980599647266 0.37176470588235305
0 0.5811287477954145 0.8105882352941168 0.21693121693121742 0.37882352941176456
0 0.35802469135802467 0.9305882352941177 0.2610229276895943 0.1388235294117647
0 0.9268077601410935 0.38705882352941173 0.13932980599647266 0.23764705882352943
