0 0.23802077029600308 0.6283171726202136 0.33955760125428563 0.21034901059097655
0 0.35468070967929216 0.7600692629837663 0.28962818003913887 0.18780307355082765
0 0.6575342465753422 0.6702544031311148 0.18395303326810172 0.11154598825831698
0 0.5978473581213298 0.5675146771037182 0.18301516893735673 0.13983683427852797
0 0.8209393346379649 0.2074363992172212 0.17416829745596882 0.11350293542074369
0 0.7221135029354205 0.273972602739726 0.12915851272015652 0.086105675146771
0 0.7025440313111546 0.16536203522504891 0.11741682974559688 0.07632093933463796
0 0.7632093933463797 0.11154598825831702 0.09784735812133072 0.05870841487279844
0 0.9167649498443208 0.18469675363012045 0.0862728257088062 0.05589507017753647
0 0.8359601201311428 0.1458132265500951 0.12394124256758088 0.06804617239004437
0 0.8766663125430446 0.24302204425015847 0.13244701411633633 0.08262749504505386
2 0.06865372750066977 0.059540400841288824 0.07412172349629832 0.10449947902756815
2 0.1409527856650919 0.1038919239169427 0.07290661327504744 0.1008541483638156
2 0.05954040084128884 0.16100210431573 0.06561595194754279 0.09113326659380942
2 0.12394124256758081 0.17862120252386648 0.08019727460255228 0.08505771548755545
2 0.08566527059818085 0.25335048113079023 0.06926128261129516 0.09356348703631107
2 0.13305456922696177 0.2825131264408092 0.06683106216879357 0.06683106216879355
2 0.027339979978142828 0.10935991991257132 0.052249739513784074 0.10692969947006974
2 0.026124869756892037 0.22054250515701881 0.052249739513784074 0.10085414836381573
