1 0.4939965694682676 0.8454773869346733 0.2847341337907376 0.2964824120603015
1 0.6852487135506002 0.7525125628140704 0.169811320754717 0.228643216080402
1 0.5030187912252346 0.6037754251830154 0.4424253110833799 0.2772394807733746
1 0.8387650085763293 0.5376884422110553 0.32246998284734135 0.17336683417085427
1 0.5085763293310462 0.5037688442211056 0.3173241852487136 0.17839195979899497
1 0.7898799313893653 0.6689698492462313 0.31046312178387653 0.2776381909547739
1 0.8430531732418524 0.4233668341708544 0.31389365351629506 0.11055276381909548
1 0.6921097770154374 0.12814070351758794 0.35162950257289877 0.17336683417085427
1 0.6312178387650086 0.26821608040201006 0.4562607204116638 0.1821608040201005
1 0.3833619210977702 0.24057788944723618 0.3276157804459691 0.1721105527638191
1 0.3687821612349914 0.09861809045226132 0.4562607204116638 0.15954773869346733
