0 0.16438356164383555 0.1663405088062622 0.30919765166340496 0.16438356164383564
0 0.6340508806262234 0.06653620352250489 0.1252446183953034 0.12524461839530332
0 0.5665362035225044 0.10958904109589078 0.15074796654591183 0.12113866935529302
0 0.6027397260273968 0.18786692759295495 0.12133072407045006 0.0821917808219178
0 0.5880626223091977 0.26614481409001955 0.1232876712328767 0.09393346379647749
2 0.6545988258317024 0.6829745596868884 0.18199608610567514 0.12915851272015652
2 0.7426614481409001 0.6105675146771036 0.17025440313111545 0.13307240704500975
2 0.6741682974559687 0.7367906066536204 0.18199608610567514 0.11545988258317025
2 0.33243077454432274 0.8663930160958319 0.019891043219100506 0.021262839303176517
2 0.3996487826640418 0.6969761997124583 0.02812181972355591 0.040467984480239014
2 0.41370969252581974 0.7268127645411088 0.026064125597442055 0.03429490210189741
2 0.38421607671818797 0.7226973762888814 0.03155130993374566 0.03292310601782162
2 0.2281742721545545 0.7984891099340747 0.024006431471328207 0.02263463538725242
2 0.20626160036843263 0.7788778631439622 0.02569411284417338 0.025694112844173323
2 0.21083726429958677 0.8077397433250887 0.02217437135867014 0.022878319655770796
2 0.19376651809489623 0.8110834977363166 0.021118448913019214 0.022526345507220526
2 0.17088819843912545 0.8029880923196593 0.024638190398522393 0.021118448913019214
2 0.15152962026885783 0.799468350834156 0.02252634550722047 0.019006604021717232
2 0.15751318079421328 0.8168910711873962 0.02111844891301913 0.01724673327896562
2 0.17387997870180313 0.8151312004446452 0.022174371358670165 0.011615146902160594
2 0.18567111267823885 0.7839814882979418 0.018302655724616704 0.01759870742751659
2 0.17651978481593056 0.7670867291675265 0.01830265572461666 0.01478291423911339
2 0.12037990812215449 0.7867972814863445 0.017950681576066326 0.017598707427516024
2 0.1446661243721266 0.7632150135334732 0.015838836684764407 0.01689475913041537
2 0.14114638288662337 0.7405126809519775 0.015838836684764407 0.0179506815760663
2 0.12337168838483219 0.757407440082393 0.016190810833314737 0.014430940090563118
2 0.09599769892257778 0.7518398490053241 0.02143842541170132 0.018558636923562303
2 0.10415709963897157 0.7809577103853962 0.01983854291829077 0.015998824934105406
2 0.1255955250506729 0.7441604130369537 0.01919858992092653 0.013439012944648618
2 0.09231796918773355 0.6950440204892497 0.01919858992092656 0.015038895438059125
2 0.11455633584614013 0.6920042437517696 0.018878613422244464 0.01663877793146974
2 0.0952818150069627 0.6425387859327762 0.012217284495135077 0.008726631782239343
2 0.31650193068673 0.847323745089326 0.01948947764700121 0.013962610851582992
2 0.24988864141563638 0.8231800638251303 0.021816579455598357 0.02327101808597158
