1 0.3099062918340027 0.2723214285714286 0.14323962516733602 0.26607142857142857
1 0.4518072289156626 0.3544642857142857 0.08433734939759036 0.2125
1 0.5662650602409639 0.3294642857142857 0.06961178045515395 0.33035714285714285
1 0.6997302971319455 0.36413464754576425 0.21446459317976208 0.333694483720841
1 0.8018741633199465 0.4544642857142857 0.10174029451137885 0.21964285714285714
1 0.1398929049531459 0.6875 0.11914323962516735 0.11785714285714283
1 0.2523427041499331 0.6508928571428573 0.09236947791164658 0.13392857142857142
1 0.29451137884872824 0.5258928571428573 0.050870147255689425 0.15535714285714286
1 0.3346720214190094 0.5223214285714285 0.04551539491298527 0.1625
1 0.4002677376171352 0.5660714285714286 0.06693440428380187 0.11071428571428571
1 0.42436412315930383 0.6089285714285715 0.0749665327978581 0.10714285714285714
1 0.48058902275769744 0.624107142857143 0.09906291834002674 0.14464285714285718
1 0.5876840696117804 0.5446428571428572 0.09103078982597054 0.08214285714285713
1 0.2891566265060241 0.7482142857142857 0.07764390896921017 0.23214285714285715
1 0.3393574297188755 0.7625 0.06291834002677377 0.15
1 0.4906291834002678 0.7526785714285715 0.12449799196787145 0.12321428571428575
1 0.6680053547523427 0.7633928571428572 0.12315930388219545 0.16607142857142856
1 0.820615796519411 0.7544642857142858 0.0642570281124498 0.13392857142857142
1 0.8614457831325301 0.6607142857142857 0.10040160642570281 0.06428571428571427
1 0.6552878179384203 0.11071428571428571 0.0977242302543507 0.175
1 0.7797858099062916 0.18125 0.09504685408299869 0.08392857142857142
1 0.7737617135207495 0.055357142857142855 0.10977242302543506 0.1
1 0.9216867469879517 0.08571428571428572 0.10843373493975904 0.1392857142857143
1 0.04350736278447122 0.4035714285714285 0.07898259705488621 0.17142857142857143
