1 0.431561382559454 0.3946193150061943 0.10630865232661481 0.052482080273595216
1 0.48409036370907527 0.37462614156863416 0.09380175205289536 0.04748378691420498
1 0.6460547222537413 0.4975008533203051 0.0875483019160357 0.07330830260438664
1 0.5009746790785965 0.42127687958960747 0.07003864153282861 0.06414476477883828
1 0.367150846149799 0.4979173777669208 0.1000552021897552 0.05581427584652171
1 0.43406276261419774 0.4787572532225925 0.08129485177917604 0.04748378691420498
1 0.5059774391880842 0.4729259109699708 0.08004416175180414 0.05414817806005832
1 0.40467154697095714 0.5404028713217358 0.08254554180654802 0.05748037363298499
1 0.6673164527190643 0.6491157518884683 0.07754278169706016 0.06331171588560665
1 0.6729445578422378 0.5799726937502399 0.04877691106750557 0.07330830260438664
1 0.612911436528385 0.592884951595331 0.06378519139596889 0.05914647141944828
1 0.5747653906935407 0.5562308002931374 0.07254002158757243 0.044151591341278315
1 0.5635091804471934 0.5174940267578649 0.055030361204365316 0.05997952031268008
1 0.5016000240922824 0.5508159824871315 0.056281051231737225 0.051649031380363246
1 0.42593327743628023 0.5803892181968557 0.08004416175180407 0.05581427584652171
1 0.4934705389143649 0.602465013867495 0.07504140164231629 0.06997610703145989
1 0.40842361705307295 0.632038249577219 0.10505796229924287 0.06081256920591157
1 0.37090291623191474 0.6711915475591074 0.10005520218975512 0.04914988470066817
1 0.27946499339764524 0.7031379794140981 0.1441036632433329 0.15686286336471483
