0 0.3023450586264657 0.1331658291457286 0.30653266331658285 0.25879396984924613
0 0.24874371859296468 0.3266331658291454 0.21943048576214394 0.29396984924623093
0 0.4388609715242881 0.3712311557788942 0.19095477386934664 0.23241206030150735
0 0.47236180904522584 0.17964824120602998 0.18760469011725267 0.25125628140703493
0 0.6097152428810714 0.40201005025125625 0.17755443886097147 0.19849246231155773
0 0.745393634840871 0.4170854271356783 0.20770519262981543 0.2010050251256281
0 0.6231155778894472 0.22236180904522612 0.16750418760469013 0.25376884422110557
0 0.7621440536013402 0.25942211055276376 0.1641541038525963 0.21231155778894473
0 0.25795644891122277 0.6419597989949749 0.254606365159129 0.2814070351758794
0 0.43886097152428755 0.6451005025125626 0.2077051926298155 0.2600502512562816
0 0.5996649916247904 0.6400753768844212 0.2010050251256282 0.24497487437185952
0 0.7705192629815738 0.6224874371859301 0.15410385259631484 0.1896984924623117
0 0.22278056951423778 0.8668341708542704 0.22445561139028491 0.26633165829145833
0 0.43467336683417096 0.8693467336683409 0.19932998324958137 0.24623115577889465
0 0.6256281407035176 0.8530150753768843 0.18257956448911222 0.2412060301507538
0 0.7562814070351758 0.7971105527638186 0.1591289782244554 0.19974874371859155
