0 0.13453815261044177 0.3008021390374332 0.26104417670682734 0.2914438502673797
0 0.33032128514056225 0.23663101604278075 0.2791164658634538 0.23262032085561496
0 0.36746987951807225 0.40641711229946526 0.22891566265060243 0.31016042780748665
0 0.18373493975903613 0.4572192513368984 0.24698795180722893 0.22459893048128343
0 0.4066265060240964 0.5842245989304813 0.19477911646586346 0.21657754010695193
0 0.22188755020080314 0.6082887700534765 0.23895582329317253 0.16844919786096263
0 0.2570281124497993 0.751336898395722 0.2208835341365463 0.19251336898395718
0 0.4146586345381526 0.7393048128342246 0.20281124497991962 0.21657754010695182
0 0.6345381526104419 0.2446524064171123 0.2730923694779117 0.27005347593582885
0 0.8584337349397579 0.22593582887700536 0.2791164658634537 0.24331550802139038
0 0.8564257028112451 0.393048128342246 0.25903614457831325 0.27807486631016043
0 0.6365461847389559 0.4318181818181819 0.23694779116465892 0.21122994652406413
0 0.6405622489959839 0.5868983957219251 0.22489959839357446 0.24331550802139026
0 0.8353413654618472 0.5882352941176471 0.22891566265060234 0.24598930481283418
0 0.7971887550200798 0.7299465240641709 0.216867469879518 0.2085561497326206
0 0.6234939759036144 0.7393048128342248 0.18273092369477906 0.2058823529411764
