1 0.9033570701932859 0.420854271356784 0.08545269582909461 0.12814070351758794
1 0.8056968463886065 0.442211055276382 0.09969481180061038 0.1984924623115578
1 0.2009155645981688 0.36871859296482407 0.12309257375381484 0.12688442211055279
1 0.3026449643947101 0.3065326633165829 0.09257375381485249 0.14824120603015076
1 0.39979654120040686 0.6620603015075375 0.09562563580874811 0.1080402010050246
1 0.5228891149542217 0.4773869346733669 0.09969481180061038 0.11557788944723618
1 0.7161749745676501 0.4189698492462311 0.0671414038657172 0.11180904522613065
1 0.7253306205493388 0.507537688442211 0.09562563580874875 0.11557788944723618
1 0.5406917599186165 0.5935929648241206 0.14750762970498474 0.1846733668341708
1 0.5305188199389623 0.34045226130653267 0.133265513733469 0.16834170854271358
1 0.6332655137334688 0.516959798994975 0.12512716174974567 0.12437185929648295
1 0.41200406917599186 0.37311557788944716 0.14242115971515767 0.17336683417085427
1 0.3524923702950153 0.5307788944723618 0.1271617497456765 0.157035175879397
1 0.2039674465920651 0.2418341708542714 0.09664292980671414 0.16457286432160803
1 0.62970498474059 0.40515075376884424 0.12207527975584945 0.15954773869346733
