1 0.5296343001261035 0.3501118568232662 0.2723833543505675 0.6196868008948546
1 0.798234552332913 0.6610738255033557 0.2799495586380833 0.34675615212527966
1 0.8675914249684742 0.23154362416107382 0.24968474148802017 0.46308724832214765
1 0.36317780580075665 0.8870246085011185 0.19672131147540983 0.22595078299776286
1 0.49558638083228246 0.6655480984340045 0.201765447667087 0.319910514541387
1 0.6513240857503152 0.9284116331096196 0.11727616645649436 0.14317673378076062
1 0.40226986128625486 0.7069351230425057 0.15384615384615385 0.2639821029082774
1 0.43568726355611587 0.4977628635346755 0.13240857503152584 0.18120805369127516
1 0.6519546027742749 0.38702460850111847 0.09079445145018916 0.16554809843400453
1 0.49306431273644385 0.06040268456375839 0.12862547288776796 0.12080536912751678
