0 0.4379194630872481 0.39572864321608026 0.4228187919463084 0.3266331658291456
0 0.35570469798657733 0.16896984924623093 0.36912751677852407 0.1871859296482409
0 0.14513422818791946 0.23743718592964821 0.1929530201342282 0.13316582914572864
0 0.6082214765100664 0.24371859296482387 0.4278523489932886 0.2562814070351755
0 0.924496644295302 0.3668341708542714 0.15100671140939598 0.2814070351758794
0 0.8078859060402686 0.5778894472361805 0.38087248322147665 0.22613065326633217
0 0.7315436241610733 0.4195979899497487 0.3053691275167778 0.28643216080402
0 0.2508389261744966 0.34233668341708534 0.34060402684563745 0.18718592964824093
0 0.15687919463087246 0.49811557788944727 0.31375838926174493 0.19221105527638208
0 0.28020134228187893 0.5609296482412058 0.40939597315436194 0.2374371859296485
0 0.3968120805369125 0.766331658291457 0.5687919463087244 0.31658291457286425
0 0.15771812080536912 0.6966080402010053 0.23154362416107374 0.21231155778894442
0 0.5704697986577169 0.5948492462311558 0.2416107382550333 0.13190954773869412
0 0.6602348993288584 0.8530150753768843 0.2869127516778515 0.2939698492462306
0 0.8028523489932878 0.7003768844221107 0.39429530201342267 0.17211055276381917
0 0.389261744966443 0.9089195979899494 0.26845637583892584 0.18216080402010015
