2 0.750892857142857 0.7669642857142857 0.10535714285714287 0.1410714285714286
2 0.6803571428571429 0.7875 0.11071428571428571 0.14642857142857144
2 0.09553571428571431 0.09285714285714285 0.1410714285714286 0.125
2 0.2178571428571429 0.06517857142857143 0.11428571428571428 0.13035714285714287
2 0.09375 0.20714285714285716 0.09821428571428571 0.09285714285714286
2 0.1821428571428572 0.16517857142857142 0.11071428571428571 0.09464285714285714
2 0.19375 0.22142857142857145 0.08392857142857142 0.05714285714285714
2 0.033928571428571426 0.15 0.06785714285714285 0.10357142857142858
0 0.7482142857142862 0.25892857142857145 0.30000000000000004 0.25357142857142856
1 0.27786309660345326 0.6415617730983334 0.03960765093636752 0.02172032470704026
1 0.26146638089323665 0.6177120047925634 0.03747820733763812 0.02172032470704026
1 0.2288858938326765 0.6899001427894907 0.037941557881537344 0.04355561716392884
1 0.20886912400461977 0.6969273066652986 0.03450947282016429 0.04967799697003329
1 0.1824640233803746 0.7167311321334843 0.03890320969403497 0.05472991842913388
1 0.15265181299816236 0.7171570208532282 0.021720324707040287 0.019590881108310802
1 0.1607436986733342 0.7045933036207248 0.01575788263059783 0.014906105191106087
1 0.12922793341213853 0.7171570208532283 0.01916499238856494 0.019590881108310802
1 0.04575374434194458 0.7342351578651837 0.01405432775161428 0.0333044965844191
1 0.06236340441203421 0.7303595711653506 0.014906105191106073 0.0272568780637368
1 0.08003778628148853 0.7216288524105601 0.01618377135034373 0.030238099101958085
1 0.09898983431018053 0.7156664103341166 0.019164992388564936 0.03364520885992519
1 0.1158124387401431 0.6894742540697452 0.0204426585478026 0.023849768305769715
1 0.2103597345237301 0.6451818272161732 0.04429242685357229 0.029812210382212063
1 0.16691908510964965 0.6490148256938855 0.03577465245865458 0.051958423808998344
1 0.17799219182304266 0.6496536587735051 0.001703554878983543 0.0012776661592376296
1 0.1449858160427364 0.6758458150378772 0.02853454422297446 0.019590881108310802
1 0.13817159652680217 0.6918166420283479 0.020868547267548488 0.01575788263059792
1 0.01577565496687283 0.7520769316869014 0.013717960840758981 0.019891043219100655
1 0.036695545249030286 0.7417884610563321 0.01166026671464514 0.025378227555404108
1 0.026064125597442075 0.7459038493085598 0.012346164756683087 0.02263463538725242
