1 0.765625 0.18928571428571428 0.06875000000000002 0.07142857142857141
1 0.7572916666666667 0.31875 0.06875000000000002 0.06607142857142859
1 0.6822916666666664 0.2794642857142857 0.04791666666666667 0.0375
1 0.6479166666666667 0.2901785714285714 0.05833333333333333 0.044642857142857144
1 0.6833333333333332 0.13125 0.05416666666666667 0.044642857142857144
1 0.7791666666666666 0.5473214285714286 0.04166666666666666 0.041071428571428564
1 0.7677083333333334 0.6357142857142857 0.05625 0.05
1 0.8583333333333333 0.6223214285714286 0.04166666666666666 0.0375
1 0.9156249999999999 0.5669642857142856 0.06041666666666667 0.041071428571428564
1 0.9458333333333333 0.6080357142857143 0.05 0.0375
1 0.428125 0.6848214285714286 0.06875000000000002 0.0625
1 0.4625 0.6508928571428573 0.03333333333333333 0.04821428571428572
1 0.5166666666666667 0.6491071428571429 0.029166666666666664 0.04821428571428572
1 0.5145833333333334 0.7625 0.016666666666666666 0.03214285714285713
1 0.49375 0.78125 0.04166666666666666 0.030357142857142857
1 0.3875 0.782142857142857 0.05 0.04285714285714286
1 0.31666666666666665 0.7857142857142858 0.05 0.035714285714285705
1 0.33229166666666665 0.6866071428571427 0.039583333333333325 0.033928571428571426
1 0.27708333333333335 0.4714285714285715 0.029166666666666664 0.05
1 0.3031249999999999 0.4482142857142857 0.03125 0.04285714285714286
1 0.34583333333333327 0.49017857142857146 0.04166666666666666 0.041071428571428564
1 0.40625 0.46517857142857144 0.029166666666666664 0.033928571428571426
1 0.25625000000000003 0.5125 0.03333333333333333 0.03214285714285713
1 0.28125 0.5473214285714285 0.0375 0.023214285714285715
1 0.225 0.5660714285714284 0.04166666666666666 0.04285714285714286
1 0.1708333333333333 0.4982142857142857 0.04583333333333333 0.02142857142857143
1 0.27708333333333335 0.3946428571428571 0.05833333333333333 0.025
1 0.159375 0.23035714285714284 0.24375 0.21785714285714286
1 0.3625 0.3276785714285714 0.2 0.16607142857142856
1 0.6666666666666669 0.21875 0.19583333333333333 0.2982142857142857
1 0.7437500000000001 0.4785714285714286 0.16666666666666663 0.09285714285714286
1 0.85625 0.6107142857142857 0.2625 0.21071428571428574
1 0.6479166666666667 0.7732142857142857 0.14583333333333334 0.17142857142857143
1 0.45520833333333327 0.8482142857142857 0.1520833333333333 0.2535714285714285
1 0.3572916666666666 0.7071428571428571 0.2604166666666667 0.21428571428571427
1 0.4291666666666667 0.5732142857142858 0.05416666666666667 0.04642857142857143
1 0.23726772434191967 0.5046485737360034 0.42536203292020736 0.3360567563747688
1 0.5302083333333334 0.7035714285714286 0.13541666666666666 0.14285714285714282
