1 0.9485530546623794 0.059821428571428574 0.03858520900321544 0.06964285714285715
1 0.9027331189710608 0.10089285714285712 0.06270096463022508 0.08392857142857142
1 0.8448553054662379 0.09732142857142857 0.05627009646302251 0.044642857142857144
1 0.837620578778135 0.14642857142857138 0.04823151125401929 0.039285714285714285
1 0.7853697749196141 0.13035714285714284 0.05948553054662381 0.060714285714285714
1 0.797427652733119 0.16607142857142856 0.04501607717041801 0.060714285714285714
1 0.7459807073954984 0.20446428571428574 0.08038585209003198 0.08392857142857146
1 0.7242765273311896 0.15357142857142855 0.07234726688102894 0.05357142857142857
1 0.6583601286173634 0.18125 0.06591639871382637 0.058928571428571414
1 0.6704180064308681 0.23214285714285715 0.07395498392282958 0.05714285714285714
1 0.5811897106109324 0.1955357142857143 0.08842443729903537 0.08392857142857142
1 0.6141479099678456 0.28214285714285714 0.07395498392282958 0.060714285714285714
1 0.5257234726688104 0.3517857142857143 0.04501607717041801 0.06428571428571427
1 0.5 0.2 0.0707395498392283 0.09285714285714286
1 0.5377813504823151 0.2883928571428571 0.06270096463022508 0.07321428571428572
1 0.38022508038585207 0.1482142857142857 0.08520900321543408 0.08214285714285713
1 0.2877813504823152 0.23839285714285713 0.0932475884244373 0.1125
1 0.23874598070739553 0.2857142857142857 0.1045016077170418 0.14285714285714282
1 0.08118971061093248 0.48035714285714276 0.11414790996784566 0.10714285714285714
1 0.12781350482315113 0.5580357142857141 0.09807073954983923 0.09464285714285714
1 0.2789389067524116 0.46428571428571425 0.09807073954983923 0.10714285714285714
1 0.3609324758842444 0.43214285714285716 0.06913183279742766 0.11071428571428571
1 0.41479099678456594 0.41875 0.06430868167202572 0.09464285714285714
1 0.46141479099678456 0.38660714285714287 0.11254019292604502 0.08392857142857142
1 0.47508038585209006 0.47857142857142854 0.14308681672025725 0.08571428571428572
1 0.4654340836012862 0.25357142857142856 0.10128617363344052 0.07857142857142857
1 0.3922829581993569 0.2446428571428571 0.09646302250803858 0.11071428571428571
