1 0.12332439678284182 0.3080357142857143 0.08042895442359249 0.05178571428571429
1 0.22386058981233248 0.26875 0.09919571045576409 0.0625
1 0.30697050938337805 0.31785714285714284 0.08310991957104558 0.05
1 0.16890080428954424 0.3607142857142857 0.05898123324396783 0.04642857142857143
1 0.33512064343163545 0.39285714285714285 0.064343163538874 0.05
1 0.41420911528150123 0.28125 0.06702412868632708 0.041071428571428564
1 0.4584450402144772 0.33035714285714285 0.06970509383378017 0.060714285714285714
1 0.5442359249329758 0.3107142857142857 0.064343163538874 0.05714285714285714
1 0.49463806970509383 0.27053571428571427 0.07238605898123325 0.041071428571428564
1 0.5536193029490617 0.21249999999999997 0.10455764075067027 0.04285714285714286
1 0.7949061662198389 0.22589285714285712 0.07238605898123325 0.041071428571428564
1 0.903485254691689 0.29732142857142857 0.09115281501340484 0.05178571428571429
1 0.9222520107238605 0.4598214285714286 0.064343163538874 0.041071428571428564
1 0.8270777479892761 0.5133928571428571 0.0777479892761394 0.044642857142857144
1 0.8873994638069704 0.5723214285714286 0.07506702412868632 0.04821428571428572
1 0.7426273458445043 0.542857142857143 0.09115281501340484 0.039285714285714285
1 0.22788203753351202 0.5758928571428573 0.07506702412868632 0.05178571428571429
1 0.3297587131367293 0.6366071428571428 0.10187667560321716 0.05178571428571429
1 0.3793565683646112 0.7464285714285714 0.08847184986595175 0.039285714285714285
1 0.4651474530831099 0.749107142857143 0.06702412868632708 0.044642857142857144
1 0.5576407506702413 0.6375 0.07506702412868632 0.04642857142857143
1 0.5817694369973191 0.5607142857142857 0.08042895442359249 0.05714285714285714
1 0.5160857908847185 0.5241071428571429 0.06702412868632708 0.04821428571428572
1 0.4450402144772118 0.4928571428571428 0.07506702412868632 0.05
1 0.725201072386059 0.7535714285714286 0.08847184986595175 0.05357142857142857
1 0.8605898123324397 0.713392857142857 0.06970509383378017 0.05178571428571429
1 0.6058981233243967 0.75625 0.08579088471849866 0.04821428571428572
1 0.4839142091152815 0.4866071428571429 0.9571045576407506 0.5517857142857143
