1 0.9018867924528301 0.7248743718592966 0.19622641509433966 0.14824120603015076
1 0.774528301886792 0.6388190954773867 0.19433962264150936 0.09422110552763847
1 0.13962264150943396 0.5653266331658291 0.1811320754716981 0.16834170854271358
1 0.35 0.15389447236180903 0.23962264150943396 0.14698492462311558
1 0.5660377358490561 0.27010050251256273 0.36226415094339587 0.15829145728643204
1 0.3443396226415094 0.6557788944723617 0.25471698113207547 0.1658291457286432
1 0.36320754716981135 0.5439698492462312 0.25471698113207547 0.1407035175879397
1 0.7 0.542713567839196 0.1849056603773585 0.10804020100502512
1 0.6226415094339623 0.6746231155778893 0.15471698113207547 0.1306532663316583
1 0.5943396226415095 0.42650753768844213 0.2415094339622642 0.1721105527638191
1 0.28962264150943395 0.33479899497487436 0.29245283018867924 0.17713567839195973
1 0.28490566037735854 0.44660804020100464 0.22641509433962256 0.13693467336683487
1 0.5226415094339623 0.6005025125628142 0.1849056603773585 0.1407035175879397
1 0.7452830188679246 0.719221105527638 0.15849056603773584 0.12185929648241206
