1 0.16689373297002724 0.26964285714285713 0.08310626702997276 0.09285714285714286
1 0.12193460490463216 0.2571428571428571 0.0667574931880109 0.07142857142857141
1 0.30040871934604907 0.1857142857142857 0.05858310626702998 0.07142857142857141
1 0.25953678474114444 0.2741071428571429 0.06403269754768393 0.05178571428571429
1 0.33651226158038144 0.2526785714285714 0.04632152588555856 0.04821428571428571
1 0.4352861035422343 0.13214285714285715 0.08038147138964577 0.09285714285714286
1 0.5980926430517711 0.2125 0.11444141689373297 0.13214285714285717
1 0.7282016348773841 0.30625 0.12125340599455042 0.1625
1 0.7213896457765668 0.6678571428571429 0.12942779291553133 0.14285714285714282
1 0.537465940054496 0.5580357142857142 0.09673024523160763 0.10892857142857143
1 0.36716621253405995 0.3794642857142857 0.0667574931880109 0.12678571428571425
1 0.32356948228882826 0.3910714285714286 0.06403269754768393 0.12857142857142853
1 0.4318801089918257 0.5821428571428573 0.07901907356948229 0.06428571428571427
1 0.48160762942779284 0.4 0.7806539509536785 0.7142857142857143
