1 0.69375 0.26875000000000004 0.19107142857142853 0.2589285714285715
1 0.5 0.24107142857142858 0.175 0.23214285714285715
1 0.3419642857142857 0.2294642857142857 0.19464285714285715 0.2625
1 0.21785714285714286 0.28125 0.28571428571428564 0.20892857142857144
1 0.2392857142857143 0.3669642857142857 0.28928571428571437 0.13035714285714287
1 0.19732142857142856 0.5026785714285714 0.3125 0.14821428571428572
1 0.8232142857142857 0.5160714285714286 0.31785714285714284 0.1392857142857143
1 0.8062500000000001 0.5839285714285715 0.24821428571428572 0.17857142857142858
1 0.6714285714285714 0.811607142857143 0.11785714285714283 0.2625
1 0.6919642857142857 0.6267857142857143 0.20178571428571432 0.23214285714285715
1 0.5232142857142857 0.80625 0.20714285714285716 0.24107142857142858
1 0.2660714285714285 0.6589285714285714 0.20357142857142857 0.16428571428571426
1 0.3955357142857143 0.55 0.20178571428571432 0.1928571428571429
1 0.5526785714285714 0.47678571428571415 0.13392857142857142 0.16785714285714284
1 0.3241071428571429 0.7651785714285715 0.19107142857142853 0.21964285714285714
1 0.4142857142857143 0.7892857142857141 0.175 0.24285714285714285
