2 0.1658986175115207 0.4412983425414364 0.09400921658986175 0.14779005524861882
2 0.23041474654377883 0.8922651933701657 0.05714285714285709 0.10773480662983409
2 0.26082949308755754 0.8473756906077351 0.05898617511520749 0.09806629834254146
2 0.4317972350230416 0.8121546961325968 0.05622119815668234 0.11878453038674047
2 0.4640552995391712 0.7955801104972372 0.058064516129032274 0.09668508287292829
2 0.5133640552995388 0.7686464088397794 0.06267281105990777 0.10359116022099409
2 0.4774193548387097 0.7279005524861882 0.05345622119815667 0.0828729281767956
2 0.43917050691244247 0.5649171270718231 0.05806451612903245 0.10497237569060763
2 0.4225806451612904 0.6063535911602209 0.043317972350230265 0.0883977900552487
2 0.4700460829493091 0.6353591160220994 0.06082949308755753 0.08563535911602244
2 0.4806451612903224 0.4585635359116021 0.06175115207373274 0.11325966850828743
2 0.5433179723502305 0.5504143646408838 0.05806451612903203 0.12292817679558052
2 0.5843317972350224 0.6015193370165748 0.06267281105990778 0.10359116022099454
2 0.6023041474654376 0.5117403314917128 0.07834101382488508 0.13950276243093904
2 0.663594470046083 0.2900552486187844 0.055299539170506916 0.12154696132596685
2 0.6953917050691244 0.369475138121547 0.0617511520737326 0.08977900552486182
2 0.7248847926267281 0.25 0.05990783410138258 0.11878453038674028
2 0.8488479262672811 0.28522099447513816 0.06451612903225806 0.11464088397790043
2 0.8207373271889399 0.12430939226519325 0.05253456221198201 0.12154696132596687
2 0.4903225806451619 0.04696132596685084 0.05898617511520742 0.09392265193370168
2 0.7967741935483872 0.037983425414364634 0.05806451612903203 0.07596685082872927
2 0.8465437788018435 0.03522099447513809 0.06175115207373152 0.07044198895027617
2 0.9861751152073706 0.2603591160220994 0.027649769585253 0.09254143646408847
2 0.17788018433179714 0.8066298342541436 0.051612903225806424 0.08287292817679555
