1 0.6918001885014139 0.6972361809045224 0.16776625824693686 0.35427135678391947
1 0.2181903864278982 0.5194723618090452 0.09896324222431668 0.30025125628140703
1 0.2907634307257305 0.6124371859296482 0.11215834118755891 0.3630653266331658
1 0.4161168708765316 0.6708542713567839 0.11215834118755891 0.3391959798994975
1 0.43514742569925136 0.32040290833190244 0.31691707560343824 0.2349570524705684
1 0.4321542663629008 0.30619643172777783 0.1907507904843937 0.33210128347146406
1 0.507540056550424 0.3863065326633166 0.10084825636192271 0.2776381909547739
1 0.82186616399623 0.3172110552763819 0.2657869934024506 0.1444723618090452
1 0.6795475966069745 0.242462311557789 0.12252591894439212 0.23366834170854273
1 0.6786050895381716 0.46356783919597994 0.13949104618284638 0.2537688442211055
1 0.5612629594721961 0.3819095477386935 0.10273327049952875 0.24874371859296482
1 0.5306314797360979 0.635678391959799 0.1262959472196042 0.2562814070351759
