1 0.46293969849246225 0.4277638190954774 0.22738693467336685 0.27261306532663315
1 0.49120603015075376 0.1928391959798995 0.11055276381909548 0.27261306532663315
1 0.5973618090452315 0.2732412060301497 0.15702285125911836 0.4037358700599819
1 0.36746231155778886 0.28454773869346733 0.1494974874371859 0.2600502512562814
1 0.7035175879397011 0.24120603015075304 0.23235107799509763 0.36438675883532795
1 0.721105527638191 0.6758793969849246 0.28391959798994976 0.21608040201005024
1 0.5087939698492461 0.810929648241206 0.13316582914572864 0.3354271356783919
1 0.4170854271356784 0.8115577889447236 0.14572864321608037 0.30150753768844213
1 0.22424623115577882 0.6708542713567839 0.36055276381909535 0.12814070351758794
1 0.33165829145728654 0.7010050251256281 0.29396984924623115 0.10552763819095479
1 0.26507537688442206 0.5031407035175879 0.38190954773869334 0.14195979899497488
1 0.1708542713567839 0.4233668341708543 0.2185929648241206 0.1256281407035176
1 0.22047738693467336 0.3435929648241206 0.2399497487437186 0.19974874371859297
1 0.6871859296482412 0.48994974874371855 0.34924623115577885 0.17336683417085427
1 0.7531407035175852 0.2996231155778902 0.23200513782354676 0.1796128055369237
1 0.4861809045226131 0.564070351758794 0.22110552763819097 0.20854271356783918
1 0.7933417085427109 0.34736180904522684 0.23200513782354676 0.17961280553692371
