2 0.5504241281809614 0.6048994974874372 0.177191328934967 0.23743718592964824
2 0.7822808671065034 0.34924623115577885 0.19227144203581528 0.23366834170854273
2 0.6536286522148916 0.23241206030150752 0.14985862393967958 0.20854271356783918
2 0.5490103675777569 0.31595477386934673 0.19132893496701225 0.19472361809045233
2 0.6206409048067861 0.43027638190954776 0.18378887841658811 0.22236180904522612
2 0.48114985862393966 0.23869346733668337 0.15551366635249764 0.135678391959799
2 0.4227144203581527 0.3881909547738694 0.18001885014137606 0.21105527638190957
2 0.31526861451460886 0.36620603015075376 0.19886899151743637 0.19974874371859297
2 0.4524033930254477 0.6928391959798995 0.16211121583411875 0.23492462311557788
2 0.6159283694627711 0.763819095477387 0.22902921771913293 0.2537688442211055
2 0.4099905749293115 0.560929648241206 0.20169651272384523 0.19723618090452275
2 0.34118755890669183 0.6953517587939697 0.1696512723845429 0.17713567839195973
2 0.7172478793590952 0.5282663316582914 0.16211121583411875 0.16457286432160803
