1 0.28663594470046083 0.13485477178423236 0.14746543778801843 0.20055325034578148
1 0.3364055299539171 0.6549100968188105 0.11981566820276494 0.22268326417704018
1 0.4258064516129032 0.8686030428769019 0.16589861751152074 0.1908713692946058
1 0.6741935483870968 0.7586445366528354 0.14838709677419354 0.22821576763485477
1 0.3345622119815668 0.37828492392807744 0.12350230414746545 0.14246196403872752
1 0.35345622119815673 0.22821576763485477 0.12626728110599078 0.22130013831258644
1 0.4221198156682027 0.2724757952973721 0.08294930875576037 0.13001383125864455
1 0.7414746543778802 0.43706777316735823 0.15207373271889402 0.32365145228215764
1 0.8354838709677419 0.6348547717842323 0.10967741935483871 0.24619640387275243
1 0.5940092165898619 0.39419087136929465 0.14838709677419354 0.23789764868603036
1 0.47972350230414745 0.3838174273858921 0.11705069124423963 0.2337482710926694
1 0.46820276497695856 0.6569847856154911 0.11981566820276494 0.24619640387275243
1 0.5585253456221198 0.7690179806362377 0.10875576036866359 0.24896265560165975
1 0.41013824884792627 0.5179806362378977 0.12903225806451613 0.2033195020746888
1 0.6013824884792627 0.5843706777316736 0.11889400921658985 0.18948824343015214
