0 0.20802919708029197 0.1642857142857143 0.3722627737226277 0.22857142857142856
0 0.4689781021897809 0.275 0.3613138686131387 0.26071428571428573
0 0.302919708029197 0.05 0.4817518248175181 0.1
0 0.8047445255474454 0.04821428571428572 0.3905109489051095 0.09642857142857145
0 0.5310218978102189 0.11071428571428572 0.30291970802919704 0.09642857142857145
0 0.7883211678832117 0.19464285714285712 0.30656934306569306 0.26071428571428573
0 0.725709167760644 0.47727480043646325 0.395691042627883 0.3942771368172743
0 0.16605839416058402 0.3535714285714287 0.33211678832116803 0.22500000000000017
0 0.8813868613138689 0.4483928544180732 0.23722627737226273 0.17107143402099603
0 0.6398655147023647 0.6995399912435342 0.5377352006731865 0.4700270443501319
0 0.8832116788321168 0.6660714285714286 0.21897810218978106 0.2464285714285715
0 0.8102189781021893 0.8491071428571427 0.37956204379562025 0.2732142857142856
0 0.43248175182481746 0.7830357142857141 0.302919708029197 0.2732142857142856
0 0.17883211678832114 0.5751785687037874 0.3576642335766423 0.2182142802647177
0 0.1496350364963503 0.8466071401323589 0.2992700729927006 0.30321429116385334
