1 0.439978823287883 0.42100062370817604 0.09530755852901004 0.04420203197280626
1 0.4745719371243384 0.5291545317267444 0.08824773937871305 0.027273594195986867
1 0.5028112137255266 0.43158089731868815 0.06424435426770311 0.04279132882473793
1 0.5571718211828138 0.44662839756474987 0.06000846277752487 0.039029453763222526
1 0.504223177555586 0.48495249975393834 0.06424435426770304 0.03761875061515423
1 0.5974127903395069 0.457208671175262 0.05153667979716845 0.04044015691129078
1 0.5705854775683783 0.4960030077471398 0.05436060745728728 0.03902945376322242
1 0.5359923637319227 0.521395664412369 0.06706828192782195 0.0446722663554956
1 0.4980543548208945 0.5648553882754367 0.09215747010305705 0.0811067863198248
1 0.5421351452206761 0.5985180850587679 0.08399834459630724 0.08399168448530475
1 0.62600505789821 0.6105050799320155 0.07342211916308918 0.05454718839197363
1 0.6256520669406952 0.5613655869409704 0.06424435426770311 0.04561273512087445
1 0.6708349095025963 0.5148123830547169 0.08401184788853486 0.044672266355495684
1 0.6161213110877941 0.5025862891047918 0.03671105958154459 0.044672266355495684
