2 0.45710455764075064 0.21428571428571427 0.30831099195710454 0.1357142857142857
2 0.6849865951742629 0.2607142857142857 0.2707774798927614 0.12857142857142853
2 0.2680965147453083 0.3008928571428571 0.26273458445040215 0.1125
2 0.4249329758713137 0.3116071428571429 0.19034852546916883 0.0875
2 0.3203753351206433 0.400892857142857 0.2493297587131367 0.14107142857142885
2 0.5509383378016086 0.3642857142857143 0.2386058981233244 0.09285714285714286
2 0.5080428954423595 0.46249999999999986 0.26005361930294935 0.16428571428571434
2 0.24396782841823053 0.4928571428571428 0.18766756032171583 0.10714285714285714
2 0.37935656836461135 0.5428571428571429 0.2761394101876676 0.146428571428571
2 0.1447721179624665 0.5839285714285716 0.20911528150134054 0.12142857142857143
2 0.18230563002680966 0.6276785714285714 0.2037533512064343 0.12321428571428575
2 0.4959785522788205 0.6651785714285711 0.2949061662198392 0.1696428571428571
2 0.7533512064343164 0.5178571428571428 0.27882037533512066 0.12857142857142853
2 0.7506702412868634 0.5910714285714288 0.27345844504021444 0.15000000000000008
2 0.8217158176943697 0.6401785714285714 0.11528150134048257 0.0875
