1 0.7007042444404681 0.6770624665058586 0.35513078470824944 0.3319920344264694
2 0.17152917505030182 0.2313883331612717 0.09959747098294447 0.10663973086685662
2 0.24748493172648864 0.2967805950256347 0.12676046793850348 0.11468797606579066
2 0.2620724027937198 0.16046290709705668 0.14185118299326155 0.113681971662413
2 0.4305835455455327 0.28923538066092297 0.12474858002466709 0.11569416498993963
2 0.38983897057737915 0.16951718533190197 0.14386317907444665 0.10362173038229376
2 0.327465052787981 0.2328970629851816 0.15191148790123263 0.14788673220463677
2 0.36217352180105267 0.7374251167529777 0.15895351872487723 0.14084511496203148
2 0.17957745206316195 0.8913479740010534 0.13380281690140838 0.12877268671717113
2 0.2987927374508798 0.8329979688392101 0.16901408450704225 0.1167002393839552
2 0.3078471461228219 0.6413482221496761 0.15895353145044755 0.15191171059871508
2 0.44014075281003684 0.6841046977572371 0.12374263924914157 0.13279678068410455
2 0.359658033583717 0.9190140940512198 0.14386322361394316 0.10160971521275318
2 0.27263576080566154 0.9491952219284389 0.13279692702816473 0.10160955614312189
2 0.4371229336648528 0.8682092618959846 0.12374245472837021 0.11468812877263583
2 0.45623759316109214 0.7630786489829348 0.09154911125387695 0.1116700201207243
2 0.20020121996903126 0.787223270049604 0.11066398390342062 0.09154941030478148
2 0.4315896072139777 0.9527163136936834 0.12474849094567414 0.08450721404872151
0 0.6141850470361315 0.12072427608582136 0.13581506749400213 0.17907444668008043
0 0.6825941577209327 0.025150806809424667 0.16398449515954897 0.050301613618849335
0 0.7313888071887706 0.10311891588276874 0.1710264369041989 0.18008072468322245
0 0.661468739705234 0.25150855802870886 0.16398486420109049 0.17706330321211436
0 0.8953731178275462 0.0910448842160336 0.19114688128772625 0.14185165383936765
0 0.842556108251748 0.19818819629803364 0.23038315910136523 0.148894053704554
0 0.838028429888277 0.019617505809690235 0.16498993963782685 0.03923501161938047
