1 0.6892857142857143 0.1928571428571429 0.12857142857142853 0.26428571428571435
1 0.686607142857143 0.34375 0.18035714285714285 0.1875
1 0.7901785714285714 0.4169642857142857 0.30892857142857144 0.12321428571428575
1 0.8142857142857143 0.5008928571428571 0.3642857142857142 0.11607142857142858
1 0.6696428571428572 0.6892857142857145 0.225 0.34642857142857136
1 0.4830357142857143 0.7169642857142857 0.18035714285714285 0.2375
1 0.33660714285714277 0.8133928571428575 0.17321428571428588 0.1696428571428571
1 0.2080357142857142 0.7321428571428583 0.3203584808651857 0.2679942594746035
1 0.20803571428571427 0.6124999999999998 0.2517857142857143 0.125
1 0.19821428571428573 0.49732142857142864 0.28928571428571437 0.10178571428571428
1 0.24910714285714286 0.33392857142857146 0.20178571428571432 0.1392857142857143
1 0.3455357142857143 0.2392857142857143 0.17321428571428568 0.26428571428571435
1 0.5 0.21160714285714285 0.12857142857142853 0.2982142857142857
1 0.4125 0.4678571428571429 0.21428571428571427 0.20357142857142857
