1 0.17452830188679244 0.707286432160804 0.2584905660377358 0.1834170854271356
1 0.27547169811320754 0.571608040201005 0.1509433962264151 0.0678391959798995
1 0.3396226415094339 0.6796482412060301 0.1660377358490566 0.1005025125628141
1 0.4547169811320754 0.2619346733668341 0.290566037735849 0.14195979899497488
1 0.6396226415094339 0.14133165829145727 0.27547169811320754 0.14195979899497488
1 0.7509433962264151 0.33040201005025127 0.2830188679245283 0.13316582914572864
1 0.8764150943396225 0.5703517587939699 0.24716981132075472 0.15577889447236182
1 0.7669811320754718 0.43655778894472363 0.2320754716981132 0.08165829145728645
1 0.6811320754716981 0.6557788944723617 0.21509433962264152 0.12814070351758794
1 0.6698113207547169 0.5332914572864322 0.26037735849056604 0.15954773869346733
1 0.439622641509434 0.4064070351758794 0.32452830188679244 0.12688442211055276
1 0.3745283018867924 0.5031407035175879 0.2735849056603773 0.14195979899497488
1 0.4481132075471698 0.5973618090452262 0.22452830188679246 0.15201005025125627
1 0.5745283018867924 0.4001256281407035 0.16037735849056603 0.14195979899497488
