0 0.16952380952380955 0.15904761904761905 0.1523809523809524 0.08571428571428572
0 0.3295238095238095 0.21238095238095236 0.10666666666666667 0.08571428571428572
0 0.25142857142857145 0.1019047619047619 0.14095238095238094 0.10476190476190476
0 0.21142857142857147 0.5895238095238095 0.29714285714285715 0.13523809523809524
0 0.17714285714285713 0.6942857142857143 0.28571428571428564 0.11619047619047619
2 0.6066666666666666 0.29904761904761906 0.12761904761904763 0.18666666666666668
2 0.6761904761904762 0.3895238095238096 0.16000000000000003 0.17333333333333337
2 0.7390476190476192 0.3695238095238096 0.12571428571428578 0.19047619047619047
1 0.7666969583398475 0.7756590311065956 0.01803503901662793 0.02443456899027018
1 0.7349659901148269 0.7426209375010352 0.03441989697627406 0.03602535992653088
1 0.7518616843100392 0.7576239920899697 0.02721217059570165 0.02708772469358564
1 0.7553776885546318 0.6885936282945209 0.03665185348540522 0.03519741485503194
1 0.7191621666583385 0.7223366045191795 0.035779190307181304 0.03519741485503205
1 0.726579803673242 0.653541657302526 0.03956073074615178 0.03897895529400242
1 0.6535669844285072 0.6625591768108404 0.08327790325954056 0.07107292193274219
1 0.6838193079402696 0.6867028580750355 0.039560730746151684 0.04188783255474881
1 0.765849646693319 0.7233547115604408 0.043633158911196714 0.020362140825225136
1 0.7878116700119547 0.760006565045846 0.025307232168494107 0.012799059947284393
1 0.7726855082560731 0.7472075050985616 0.02181657945559841 0.016289712660180086
1 0.7802485891340141 0.7876408990229372 0.01832592674270261 0.018035039016628042
1 0.7997380667810152 0.8039306116831174 0.022980130359896905 0.02210746718167298
1 0.7004068794508791 0.6278160805874614 0.059965131740220876 0.03747820733763806
